0       & 13,1071
0       & 600    
0       & 13,1071
0       & 40,000 
0       & 13,1071
-1,100  & 2,700  
0       & 13,1071
-1,000  & 1,000  
-18,000 & 18,000 
-150    & 150    
-150    & 150    
0       & 1,000  
0       & 4,000  
0       & 4,000  
0       & 13,1071
0       & 1,020  
0       & 970    
0       & 800    
0       & 13,1071
2,500   & 5,000  
-12,500 & 6,700  
0       & 700    
0       & 13,1071
2,400   & 5,000  
-12,500 & -6,800 
0       & 13,1071
0       & 5,000  
-12,500 & 0      
0       & 2,400  
